4883093.249999998
4883093.249999998
4890618.819999998
4890618.819999998
4896075.549999999
5222031.219999999
5227028.139999999
5307228.139999999
5307228.139999999
5309858.619999999
5309858.619999999
5338288.59
5345651.34
5696664.02
5782584.52
5831806.56
5845578.05
6048848.05
6048848.05
6078919.4799999995
6110926.819999999
6174452.21
6208571.54
6209571.54
6219571.54
6241297.299999999
6303297.299999999
6324297.299999999
6354297.299999999
6358299.299999999
6412304.499999998
6468897.289999999
6486188.4799999995
6506218.09
6506218.09
6510135.5
6566819.07
6568819.07
6652148.2299999995
6654208.43
6654208.43
6819885.27
6819885.27
6822022.470000001
6852292.130000001
6852292.130000001
6852292.130000001
6927361.250000001
6929631.250000001
6974631.250000001
7000976.19
7000976.19
7013852.7700000005
7014870.300000001
7014870.300000001
7049497.43
7063622.84
7065148.37
7065148.37
7065148.37
7072987.37
7072987.37
7072987.37
7172987.37
7202987.37
7232987.37
7233987.37
7263987.37
7273987.37
7298987.37
7325749.07
7407749.07
7477971.71
7480971.71
7616837.51
7646837.51
7674837.51
7684837.51
7685837.51
7750837.51
7920837.51
7950837.51
7967685.709999999